-200 -180 -50 50 -60 60 -69 -50 -40 40 50 -11 11 69 180 200
-3 -1 1 -1 1 3
-3 -1 -1 1 1 3
-50 -20 20 -15 15
-8 7 -7 8
-60 -55 -53 -6 6 -12 12 -40 40 53 55 60

-10 -5 3
-10 -5 -3 3 5 10 11
-9 -7 -2 2 -3 -2 -1 1 2 3 7 9  
-9 -7 -2 2 -3 -1 -2 2 1 3 7  9
-9 -7 -2 2 -3 -1 -2 3 2 1 7  9
-100 -50 -6 6 50	 100
-100 -50 -6 6 45 100  
-10 -5 -2 2 5 -4 -3 3 4 10
-9 -5 -2 2 5 -4 -3 3 4 9
-10 -5 -3 3 -1 1 5 -4 4 10

10
-10 10

-10

-9 -7 7 -2 2 9 
-9 -2 2 -1 1 -6 6 9 
-9 -2 2 -1 -5 5 1 9 
-9 -2 2 -1 1 -2 5 9 
-9 -2 2 -1 1 -1 1 9 
